-0.0    1.416813    0.141153    0.438775    0.438775
-0.2    1.424543    0.141698    0.450969    0.433812
-0.4    1.430802    0.142256    0.462713    0.427845
-0.6    1.435632    0.142816    0.473966    0.420958
-0.8    1.439094    0.143365    0.484695    0.413247
-1.0    1.441269    0.143894    0.494877    0.404816
-1.2    1.442249    0.144389    0.504494    0.395772
-1.4    1.442139    0.144840    0.513535    0.386230
-1.6    1.441048    0.145237    0.521990    0.376301
-1.8    1.439088    0.145570    0.529852    0.366100
-2.0    1.436373    0.145828    0.537119    0.355735
-2.2    1.433010    0.146005    0.543787    0.345309
-2.4    1.429104    0.146093    0.549859    0.334916
-2.6    1.424751    0.146088    0.555339    0.324641
-2.8    1.420036    0.145989    0.560235    0.314557
-3.0    1.415040    0.145794    0.564560    0.304725
-3.2    1.409828    0.145507    0.568328    0.295195
-3.4    1.404462    0.145132    0.571560    0.286006
-3.6    1.398991    0.144674    0.574279    0.277184
-3.8    1.393457    0.144143    0.576510    0.268749
-4.0    1.387896    0.143545    0.578282    0.260711
-4.2    1.382336    0.142891    0.579625    0.253073
-4.4    1.376802    0.142191    0.580569    0.245833
-4.6    1.371311    0.141453    0.581148    0.238984
-4.8    1.365881    0.140687    0.581391    0.232517
-5.0    1.360522    0.139903    0.581329    0.226418
-5.2    1.355244    0.139107    0.580992    0.220674
-5.4    1.350054    0.138307    0.580407    0.215269
-5.6    1.344958    0.137510    0.579602    0.210186
-5.8    1.339960    0.136721    0.578600    0.205410
-6.0    1.335062    0.135946    0.577425    0.200923
-6.2    1.330267    0.135188    0.576098    0.196710
-6.4    1.325575    0.134451    0.574639    0.192755
-6.6    1.320987    0.133738    0.573065    0.189043
-6.8    1.316502    0.133051    0.571392    0.185558
-7.0    1.312120    0.132391    0.569635    0.182288
-7.2    1.307840    0.131760    0.567806    0.179219
-7.4    1.303661    0.131158    0.565919    0.176339
-7.6    1.299580    0.130587    0.563982    0.173635
-7.8    1.295597    0.130045    0.562007    0.171097
-8.0    1.291710    0.129534    0.560000    0.168715
-8.2    1.287916    0.129052    0.557970    0.166478
-8.4    1.284214    0.128599    0.555923    0.164378
-8.6    1.280601    0.128175    0.553866    0.162405
-8.8    1.277076    0.127780    0.551802    0.160553
-9.0    1.273635    0.127411    0.549738    0.158813
-9.2    1.270278    0.127068    0.547676    0.157178
-9.4    1.267002    0.126751    0.545622    0.155642
-9.6    1.263805    0.126458    0.543576    0.154200
-9.8    1.260685    0.126189    0.541544    0.152844
-10.0    1.257639    0.125943    0.539526    0.151570
-10.2    1.254666    0.125718    0.537524    0.150374
-10.4    1.251764    0.125514    0.535541    0.149249
-10.6    1.248930    0.125329    0.533579    0.148192
-10.8    1.246163    0.125164    0.531637    0.147199
-11.0    1.243462    0.125017    0.529719    0.146266
-11.2    1.240823    0.124886    0.527823    0.145390
-11.4    1.238246    0.124772    0.525952    0.144567
-11.6    1.235729    0.124673    0.524105    0.143793
-11.8    1.233269    0.124590    0.522283    0.143067
-12.0    1.230866    0.124520    0.520487    0.142386
