-0.0    1.690465    0.152200    0.555992    0.555992
-0.2    1.689757    0.152257    0.565652    0.546136
-0.4    1.687849    0.152535    0.575749    0.535946
-0.6    1.684547    0.153067    0.586322    0.525410
-0.8    1.679625    0.153887    0.597412    0.514522
-1.0    1.672826    0.155026    0.609058    0.503275
-1.2    1.663869    0.156508    0.621289    0.491670
-1.4    1.652460    0.158347    0.634123    0.479717
-1.6    1.638319    0.160545    0.647552    0.467432
-1.8    1.621209    0.163083    0.661540    0.454847
-2.0    1.600977    0.165921    0.676011    0.442007
-2.2    1.577596    0.168992    0.690842    0.428970
-2.4    1.551197    0.172207    0.705869    0.415811
-2.6    1.522093    0.175455    0.720887    0.402614
-2.8    1.490767    0.178614    0.735663    0.389474
-3.0    1.457838    0.181561    0.749956    0.376485
-3.2    1.423999    0.184180    0.763536    0.363742
-3.4    1.389958    0.186379    0.776206    0.351329
-3.6    1.356367    0.188091    0.787815    0.339321
-3.8    1.323776    0.189285    0.798269    0.327776
-4.0    1.292610    0.189956    0.807530    0.316740
-4.2    1.263163    0.190129    0.815611    0.306241
-4.4    1.235604    0.189849    0.822568    0.296297
-4.6    1.210005    0.189172    0.828483    0.286913
-4.8    1.186356    0.188162    0.833460    0.278083
-5.0    1.164593    0.186884    0.837609    0.269797
-5.2    1.144615    0.185399    0.841039    0.262037
-5.4    1.126303    0.183765    0.843855    0.254782
-5.6    1.109526    0.182029    0.846154    0.248006
-5.8    1.094152    0.180234    0.848020    0.241684
-6.0    1.080055    0.178413    0.849527    0.235789
-6.2    1.067114    0.176593    0.850740    0.230294
-6.4    1.055221    0.174797    0.851712    0.225171
-6.6    1.044272    0.173038    0.852488    0.220396
-6.8    1.034177    0.171330    0.853105    0.215942
-7.0    1.024853    0.169679    0.853592    0.211787
-7.2    1.016227    0.168093    0.853976    0.207909
-7.4    1.008232    0.166572    0.854276    0.204286
-7.6    1.000809    0.165120    0.854509    0.200899
-7.8    0.993907    0.163735    0.854688    0.197730
-8.0    0.987477    0.162417    0.854824    0.194762
-8.2    0.981479    0.161165    0.854926    0.191981
-8.4    0.975875    0.159975    0.855000    0.189372
-8.6    0.970630    0.158846    0.855052    0.186922
-8.8    0.965716    0.157775    0.855087    0.184619
-9.0    0.961105    0.156759    0.855108    0.182453
-9.2    0.956772    0.155796    0.855119    0.180413
-9.4    0.952696    0.154882    0.855121    0.178490
-9.6    0.948857    0.154015    0.855116    0.176676
-9.8    0.945236    0.153193    0.855107    0.174963
-10.0    0.941818    0.152412    0.855094    0.173344
-10.2    0.938588    0.151671    0.855078    0.171813
-10.4    0.935532    0.150966    0.855060    0.170362
-10.6    0.932638    0.150297    0.855040    0.168988
-10.8    0.929894    0.149660    0.855020    0.167685
-11.0    0.927292    0.149054    0.854999    0.166447
-11.2    0.924820    0.148477    0.854977    0.165272
-11.4    0.922470    0.147928    0.854956    0.164154
-11.6    0.920236    0.147405    0.854935    0.163091
-11.8    0.918108    0.146905    0.854914    0.162079
-12.0    0.916081    0.146429    0.854894    0.161114
