-0.0    1.431475    0.220122    0.576477    0.576477
-0.2    1.589752    0.423665    0.809450    0.779510
-0.4    1.558187    0.415956    0.809490    0.750972
-0.6    1.526185    0.408268    0.808988    0.723309
-0.8    1.494051    0.400637    0.808022    0.696622
-1.0    1.462037    0.393091    0.806659    0.670978
-1.2    1.430340    0.385653    0.804961    0.646418
-1.4    1.399118    0.378346    0.802984    0.622957
-1.6    1.368494    0.371186    0.800778    0.600594
-1.8    1.338564    0.364191    0.798390    0.579314
-2.0    1.309407    0.357376    0.795863    0.559095
-2.2    1.281086    0.350756    0.793237    0.539909
-2.4    1.253655    0.344345    0.790549    0.521727
-2.6    1.227160    0.338155    0.787833    0.504518
-2.8    1.201640    0.332198    0.785121    0.488251
-3.0    1.177126    0.326484    0.782438    0.472895
-3.2    1.153644    0.321021    0.779810    0.458422
-3.4    1.131212    0.315815    0.777255    0.444799
-3.6    1.109839    0.310867    0.774791    0.431995
-3.8    1.089527    0.306181    0.772429    0.419979
-4.0    1.070270    0.301752    0.770180    0.408717
-4.2    1.052053    0.297579    0.768048    0.398176
-4.4    1.034856    0.293654    0.766037    0.388320
-4.6    1.018649    0.289970    0.764149    0.379114
-4.8    1.003401    0.286518    0.762380    0.370522
-5.0    0.989074    0.283288    0.760730    0.362509
-5.2    0.975626    0.280269    0.759193    0.355039
-5.4    0.963017    0.277449    0.757766    0.348078
-5.6    0.951200    0.274818    0.756441    0.341593
-5.8    0.940133    0.272363    0.755214    0.335551
-6.0    0.929770    0.270073    0.754078    0.329920
-6.2    0.920068    0.267938    0.753026    0.324673
-6.4    0.910986    0.265946    0.752054    0.319781
-6.6    0.902481    0.264088    0.751155    0.315218
-6.8    0.894516    0.262354    0.750324    0.310959
-7.0    0.887054    0.260734    0.749555    0.306982
-7.2    0.880059    0.259221    0.748843    0.303266
-7.4    0.873499    0.257806    0.748184    0.299791
-7.6    0.867344    0.256483    0.747573    0.296538
-7.8    0.861564    0.255244    0.747007    0.293492
-8.0    0.856134    0.254083    0.746482    0.290636
-8.2    0.851028    0.252994    0.745993    0.287956
-8.4    0.846224    0.251972    0.745540    0.285440
-8.6    0.841699    0.251012    0.745117    0.283075
-8.8    0.837436    0.250109    0.744724    0.280850
-9.0    0.833415    0.249260    0.744357    0.278755
-9.2    0.829619    0.248460    0.744014    0.276781
-9.4    0.826034    0.247706    0.743694    0.274918
-9.6    0.822645    0.246994    0.743394    0.273160
-9.8    0.819438    0.246322    0.743114    0.271499
-10.0    0.816401    0.245687    0.742850    0.269928
-10.2    0.813524    0.245086    0.742604    0.268441
-10.4    0.810795    0.244517    0.742372    0.267032
-10.6    0.808206    0.243978    0.742154    0.265697
-10.8    0.805746    0.243467    0.741948    0.264430
-11.0    0.803409    0.242981    0.741755    0.263227
-11.2    0.801186    0.242520    0.741572    0.262083
-11.4    0.799070    0.242082    0.741400    0.260996
-11.6    0.797054    0.241666    0.741237    0.259961
-11.8    0.795133    0.241269    0.741083    0.258976
-12.0    0.793301    0.240891    0.740937    0.258036
