-0.0    1.269702    0.098997    0.347621    0.347621
-0.2    2.222219    0.386794    0.895881    0.865291
-0.4    2.226226    0.390440    0.915880    0.853930
-0.6    2.228553    0.394084    0.935936    0.841926
-0.8    2.229078    0.397641    0.955914    0.829227
-1.0    2.227724    0.401010    0.975657    0.815780
-1.2    2.224461    0.404078    0.994992    0.801532
-1.4    2.219304    0.406715    1.013731    0.786440
-1.6    2.212314    0.408791    1.031673    0.770471
-1.8    2.203586    0.410174    1.048615    0.753614
-2.0    2.193244    0.410743    1.064356    0.735876
-2.2    2.181429    0.410394    1.078708    0.717295
-2.4    2.168292    0.409048    1.091502    0.697934
-2.6    2.153985    0.406657    1.102599    0.677886
-2.8    2.138653    0.403207    1.111894    0.657269
-3.0    2.122439    0.398719    1.119322    0.636220
-3.2    2.105474    0.393247    1.124857    0.614890
-3.4    2.087884    0.386871    1.128513    0.593437
-3.6    2.069785    0.379696    1.130343    0.572018
-3.8    2.051290    0.371838    1.130430    0.550782
-4.0    2.032506    0.363425    1.128885    0.529866
-4.2    2.013532    0.354584    1.125840    0.509391
-4.4    1.994465    0.345437    1.121439    0.489458
-4.6    1.975394    0.336100    1.115836    0.470151
-4.8    1.956403    0.326677    1.109186    0.451533
-5.0    1.937568    0.317259    1.101643    0.433651
-5.2    1.918958    0.307925    1.093353    0.416534
-5.4    1.900633    0.298740    1.084454    0.400198
-5.6    1.882647    0.289757    1.075076    0.384646
-5.8    1.865044    0.281017    1.065334    0.369874
-6.0    1.847861    0.272550    1.055333    0.355866
-6.2    1.831128    0.264380    1.045165    0.342602
-6.4    1.814867    0.256520    1.034909    0.330058
-6.6    1.799096    0.248980    1.024637    0.318205
-6.8    1.783825    0.241762    1.014405    0.307014
-7.0    1.769059    0.234866    1.004264    0.296452
-7.2    1.754801    0.228286    0.994255    0.286487
-7.4    1.741049    0.222017    0.984412    0.277087
-7.6    1.727797    0.216050    0.974760    0.268222
-7.8    1.715037    0.210373    0.965322    0.259859
-8.0    1.702760    0.204977    0.956112    0.251969
-8.2    1.690954    0.199850    0.947144    0.244523
-8.4    1.679606    0.194978    0.938425    0.237495
-8.6    1.668704    0.190352    0.929960    0.230858
-8.8    1.658232    0.185957    0.921752    0.224589
-9.0    1.648175    0.181783    0.913802    0.218663
-9.2    1.638519    0.177818    0.906107    0.213059
-9.4    1.629248    0.174050    0.898665    0.207757
-9.6    1.620347    0.170470    0.891472    0.202738
-9.8    1.611802    0.167066    0.884523    0.197984
-10.0    1.603598    0.163830    0.877814    0.193478
-10.2    1.595721    0.160751    0.871337    0.189205
-10.4    1.588156    0.157821    0.865086    0.185150
-10.6    1.580890    0.155031    0.859054    0.181300
-10.8    1.573911    0.152374    0.853236    0.177643
-11.0    1.567205    0.149842    0.847623    0.174166
-11.2    1.560761    0.147428    0.842208    0.170858
-11.4    1.554567    0.145125    0.836985    0.167710
-11.6    1.548612    0.142928    0.831947    0.164712
-11.8    1.542884    0.140830    0.827087    0.161854
-12.0    1.537375    0.138827    0.822398    0.159130
