-0.0   2.694729    0.691810    1.326745    1.324293
-0.2   2.280818    0.659795    1.177378    1.056129
-0.4   2.248037    0.644002    1.172177    1.022167
-0.6   2.214574    0.628293    1.166976    0.988949
-0.8   2.180304    0.612639    1.161761    0.956376
-1.0   2.145129    0.597019    1.156514    0.924365
-1.2   2.108981    0.581417    1.151221    0.892853
-1.4   2.071830    0.565825    1.145872    0.861795
-1.6   2.033689    0.550246    1.140458    0.831167
-1.8   1.994615    0.534692    1.134971    0.800971
-2.0   1.954712    0.519184    1.129411    0.771225
-2.2   1.914127    0.503753    1.123777    0.741967
-2.4   1.873049    0.488439    1.118073    0.713252
-2.6   1.831698    0.473287    1.112306    0.685144
-2.8   1.790320    0.458345    1.106485    0.657716
-3.0   1.749173    0.443667    1.100623    0.631045
-3.2   1.708519    0.429302    1.094733    0.605206
-3.4   1.668608    0.415300    1.088831    0.580268
-3.6   1.629672    0.401706    1.082935    0.556292
-3.8   1.591918    0.388558    1.077061    0.533328
-4.0   1.555517    0.375890    1.071229    0.511413
-4.2   1.520606    0.363725    1.065457    0.490569
-4.4   1.487283    0.352082    1.059763    0.470806
-4.6   1.455613    0.340970    1.054165    0.452119
-4.8   1.425627    0.330393    1.048678    0.434494
-5.0   1.397327    0.320348    1.043318    0.417905
-5.2   1.370691    0.310828    1.038097    0.402320
-5.4   1.345678    0.301820    1.033026    0.387697
-5.6   1.322230    0.293308    1.028114    0.373995
-5.8   1.300281    0.285275    1.023367    0.361164
-6.0   1.279755    0.277700    1.018792    0.349158
-6.2   1.260572    0.270563    1.014392    0.337926
-6.4   1.242653    0.263841    1.010166    0.327421
-6.6   1.225915    0.257513    1.006116    0.317595
-6.8   1.210281    0.251557    1.002240    0.308403
-7.0   1.195672    0.245950    0.998536    0.299800
-7.2   1.182017    0.240672    0.994999    0.291745
-7.4   1.169246    0.235703    0.991625    0.284200
-7.6   1.157295    0.231023    0.988409    0.277127
-7.8   1.146101    0.226614    0.985345    0.270493
-8.0   1.135610    0.222458    0.982429    0.264265
-8.2   1.125769    0.218539    0.979653    0.258415
-8.4   1.116529    0.214842    0.977011    0.252915
-8.6   1.107845    0.211352    0.974497    0.247740
-8.8   1.099678    0.208055    0.972106    0.242866
-9.0   1.091988    0.204938    0.969830    0.238272
-9.2   1.084742    0.201991    0.967664    0.233938
-9.4   1.077907    0.199201    0.965603    0.229846
-9.6   1.071454    0.196559    0.963641    0.225979
-9.8   1.065356    0.194055    0.961772    0.222321
-10.0   1.059589    0.191680    0.959991    0.218859
-10.2   1.054129    0.189426    0.958294    0.215579
-10.4   1.048956    0.187285    0.956677    0.212469
-10.6   1.044051    0.185250    0.955134    0.209518
-10.8   1.039396    0.183315    0.953661    0.206715
-11.0   1.034974    0.181473    0.952256    0.204051
-11.2   1.030770    0.179719    0.950913    0.201518
-11.4   1.026771    0.178047    0.949630    0.199106
-11.6   1.022964    0.176453    0.948403    0.196809
-11.8   1.019336    0.174931    0.947230    0.194619
-12.0   1.015877    0.173479    0.946107    0.192530
