-0.0   1.742709    0.318699    0.691523    0.631248
-0.2   1.877296    0.484988    0.852801    0.820411
-0.4   1.872941    0.478446    0.859726    0.802718
-0.6   1.869744    0.472091    0.867390    0.785322
-0.8   1.867645    0.465931    0.875770    0.768208
-1.0   1.866574    0.459969    0.884835    0.751364
-1.2   1.866454    0.454204    0.894541    0.734789
-1.4   1.867203    0.448634    0.904838    0.718486
-1.6   1.868732    0.443252    0.915664    0.702463
-1.8   1.870950    0.438053    0.926951    0.686732
-2.0   1.873759    0.433029    0.938620    0.671308
-2.2   1.877060    0.428170    0.950587    0.656208
-2.4   1.880747    0.423467    0.962759    0.641446
-2.6   1.884716    0.418911    0.975037    0.627040
-2.8   1.888859    0.414491    0.987318    0.613003
-3.0   1.893066    0.410200    0.999495    0.599350
-3.2   1.897230    0.406027    1.011461    0.586090
-3.4   1.901246    0.401965    1.023107    0.573235
-3.6   1.905011    0.398006    1.034329    0.560790
-3.8   1.908429    0.394144    1.045025    0.548761
-4.0   1.911410    0.390374    1.055101    0.537152
-4.2   1.913875    0.386692    1.064472    0.525962
-4.4   1.915753    0.383096    1.073062    0.515193
-4.6   1.916985    0.379584    1.080808    0.504842
-4.8   1.917527    0.376156    1.087661    0.494906
-5.0   1.917346    0.372813    1.093584    0.485382
-5.2   1.916424    0.369558    1.098556    0.476264
-5.4   1.914760    0.366394    1.102573    0.467548
-5.6   1.912362    0.363324    1.105643    0.459229
-5.8   1.909257    0.360354    1.107791    0.451299
-6.0   1.905481    0.357488    1.109053    0.443752
-6.2   1.901082    0.354732    1.109479    0.436582
-6.4   1.896118    0.352090    1.109129    0.429782
-6.6   1.890657    0.349567    1.108071    0.423344
-6.8   1.884771    0.347169    1.106383    0.417260
-7.0   1.878536    0.344898    1.104146    0.411522
-7.2   1.872033    0.342758    1.101444    0.406121
-7.4   1.865343    0.340751    1.098363    0.401047
-7.6   1.858544    0.338877    1.094990    0.396290
-7.8   1.851716    0.337137    1.091407    0.391838
-8.0   1.844931    0.335529    1.087697    0.387681
-8.2   1.838259    0.334050    1.083934    0.383805
-8.4   1.831763    0.332696    1.080189    0.380197
-8.6   1.825501    0.331464    1.076528    0.376843
-8.8   1.819523    0.330346    1.073007    0.373730
-9.0   1.813873    0.329336    1.069678    0.370842
-9.2   1.808587    0.328426    1.066584    0.368164
-9.4   1.803695    0.327609    1.063761    0.365682
-9.6   1.799219    0.326876    1.061239    0.363381
-9.8   1.795176    0.326218    1.059041    0.361245
-10.0   1.791576    0.325628    1.057183    0.359261
-10.2   1.788423    0.325096    1.055675    0.357414
-10.4   1.785715    0.324615    1.054523    0.355692
-10.6   1.783449    0.324177    1.053726    0.354083
-10.8   1.781614    0.323775    1.053280    0.352575
-11.0   1.780196    0.323404    1.053178    0.351158
-11.2   1.779181    0.323057    1.053406    0.349822
-11.4   1.778548    0.322730    1.053952    0.348559
-11.6   1.778279    0.322418    1.054798    0.347361
-11.8   1.778349    0.322119    1.055927    0.346222
-12.0   1.778735    0.321829    1.057318    0.345136
