-0.0   3.050179    0.821494    1.523031    1.523031
-0.2   3.008260    0.798115    1.509279    1.474067
-0.4   2.962929    0.773659    1.492671    1.423484
-0.6   2.914377    0.748234    1.473185    1.371501
-0.8   2.862798    0.721954    1.450818    1.318352
-1.0   2.808410    0.694947    1.425602    1.264288
-1.2   2.751464    0.667362    1.397618    1.209587
-1.4   2.692268    0.639369    1.367027    1.154563
-1.6   2.631203    0.611168    1.334080    1.099568
-1.8   2.568740    0.582984    1.299146    1.044992
-2.0   2.505447    0.555078    1.262718    0.991262
-2.2   2.441993    0.527735    1.225415    0.938828
-2.4   2.379136    0.501265    1.187970    0.888152
-2.6   2.317693    0.475992    1.151190    0.839689
-2.8   2.258503    0.452236    1.115919    0.793864
-3.0   2.202376    0.430301    1.082972    0.751049
-3.2   2.150035    0.410451    1.053075    0.711543
-3.4   2.102073    0.392894    1.026818    0.675552
-3.6   2.058911    0.377766    1.004610    0.643185
-3.8   2.020786    0.365128    0.986670    0.614447
-4.0   1.987752    0.354964    0.973024    0.589252
-4.2   1.959692    0.347184    0.963533    0.567433
-4.4   1.936356    0.341642    0.957921    0.548762
-4.6   1.917391    0.338139    0.955817    0.532968
-4.8   1.902381    0.336436    0.956792    0.519757
-5.0   1.890875    0.336216    0.960395    0.508836
-5.2   1.882418    0.337120    0.966177    0.499918
-5.4   1.876570    0.338989    0.973711    0.492721
-5.6   1.872919    0.341717    0.982609    0.486985
-5.8   1.871091    0.345137    0.992525    0.482477
-6.0   1.870754    0.349080    1.003160    0.478994
-6.2   1.871615    0.353398    1.014261    0.476358
-6.4   1.873425    0.357966    1.025616    0.474415
-6.6   1.875971    0.362682    1.037052    0.473035
-6.8   1.879073    0.367462    1.048433    0.472105
-7.0   1.882583    0.372236    1.059648    0.471533
-7.2   1.886378    0.376952    1.070616    0.471241
-7.4   1.890359    0.381567    1.081273    0.471162
-7.6   1.894444    0.386049    1.091574    0.471245
-7.8   1.898568    0.390374    1.101489    0.471445
-8.0   1.902681    0.394527    1.110999    0.471728
-8.2   1.906742    0.398496    1.120094    0.472064
-8.4   1.910722    0.402275    1.128770    0.472431
-8.6   1.914597    0.405860    1.137031    0.472811
-8.8   1.918351    0.409253    1.144883    0.473191
-9.0   1.921973    0.412455    1.152338    0.473558
-9.2   1.925454    0.415472    1.159408    0.473906
-9.4   1.928792    0.418309    1.166107    0.474229
-9.6   1.931985    0.420972    1.172452    0.474522
-9.8   1.935033    0.423468    1.178458    0.474784
-10.0   1.937939    0.425807    1.184142    0.475013
-10.2   1.940706    0.427994    1.189521    0.475208
-10.4   1.943339    0.430040    1.194612    0.475370
-10.6   1.945842    0.431951    1.199430    0.475501
-10.8   1.948222    0.433736    1.203991    0.475600
-11.0   1.950483    0.435403    1.208311    0.475671
-11.2   1.952633    0.436958    1.212403    0.475714
-11.4   1.954676    0.438411    1.216282    0.475731
-11.6   1.956619    0.439766    1.219962    0.475725
-11.8   1.958467    0.441032    1.223453    0.475699
-12.0   1.960227    0.442214    1.226769    0.475652
