-0.0   2.772589    0.633389    1.276965    1.276965
-0.2   2.771476    0.633268    1.290637    1.262604
-0.4   2.768125    0.632903    1.303671    1.247488
-0.6   2.762502    0.632287    1.316103    1.231547
-0.8   2.754546    0.631408    1.327950    1.214705
-1.0   2.744165    0.630246    1.339207    1.196891
-1.2   2.731234    0.628777    1.349844    1.178038
-1.4   2.715584    0.626968    1.359802    1.158090
-1.6   2.697003    0.624780    1.368993    1.137005
-1.8   2.675234    0.622165    1.377301    1.114757
-2.0   2.649974    0.619067    1.384574    1.091337
-2.2   2.620887    0.615427    1.390633    1.066755
-2.4   2.587620    0.611182    1.395269    1.041042
-2.6   2.549828    0.606269    1.398255    1.014249
-2.8   2.507218    0.600633    1.399348    0.986453
-3.0   2.459586    0.594226    1.398309    0.957755
-3.2   2.406869    0.587021    1.394917    0.928288
-3.4   2.349190    0.579011    1.388993    0.898215
-3.6   2.286888    0.570220    1.380416    0.867730
-3.8   2.220526    0.560699    1.369146    0.837056
-4.0   2.150878    0.550533    1.355236    0.806439
-4.2   2.078880    0.539833    1.338839    0.776140
-4.4   2.005575    0.528735    1.320202    0.746418
-4.6   1.932030    0.517388    1.299653    0.717524
-4.8   1.859271    0.505947    1.277579    0.689682
-5.0   1.788215    0.494562    1.254399    0.663084
-5.2   1.719632    0.483372    1.230532    0.637877
-5.4   1.654122    0.472496    1.206381    0.614164
-5.6   1.592108    0.462031    1.182306    0.592003
-5.8   1.533852    0.452049    1.158614    0.571410
-6.0   1.479471    0.442600    1.135554    0.552365
-6.2   1.428968    0.433711    1.113318    0.534821
-6.4   1.382254    0.425392    1.092041    0.518707
-6.6   1.339176    0.417638    1.071810    0.503940
-6.8   1.299537    0.410434    1.052675    0.490428
-7.0   1.263115    0.403756    1.034649    0.478073
-7.2   1.229676    0.397576    1.017722    0.466781
-7.4   1.198983    0.391862    1.001866    0.456457
-7.6   1.170807    0.386581    0.987041    0.447012
-7.8   1.144927    0.381699    0.973195    0.438365
-8.0   1.121139    0.377187    0.960274    0.430437
-8.2   1.099249    0.373012    0.948222    0.423160
-8.4   1.079084    0.369146    0.936981    0.416469
-8.6   1.060482    0.365563    0.926495    0.410307
-8.8   1.043298    0.362238    0.916709    0.404622
-9.0   1.027399    0.359148    0.907572    0.399369
-9.2   1.012669    0.356273    0.899036    0.394505
-9.4   0.998999    0.353595    0.891055    0.389993
-9.6   0.986293    0.351097    0.883586    0.385801
-9.8   0.974465    0.348762    0.876591    0.381900
-10.0   0.963438    0.346578    0.870033    0.378261
-10.2   0.953142    0.344532    0.863880    0.374863
-10.4   0.943514    0.342612    0.858099    0.371684
-10.6   0.934497    0.340809    0.852665    0.368706
-10.8   0.926042    0.339113    0.847550    0.365910
-11.0   0.918101    0.337515    0.842731    0.363283
-11.2   0.910635    0.336008    0.838186    0.360810
-11.4   0.903605    0.334586    0.833897    0.358479
-11.6   0.896977    0.333241    0.829843    0.356279
-11.8   0.890722    0.331969    0.826010    0.354200
-12.0   0.884811    0.330764    0.822381    0.352233
