0.2   4.581485    2.507454    3.357776    3.019807
0.4   3.903169    2.051409    2.951820    2.384352
0.6   3.362010    1.732260    2.640285    1.961737
0.8   3.004554    1.540809    2.436678    1.714785
1.0   2.773338    1.419048    2.294665    1.563787
1.2   2.613929    1.329711    2.183119    1.459317
1.4   2.493815    1.255359    2.087567    1.377234
1.6   2.395957    1.188684    2.001921    1.306605
1.8   2.311595    1.126646    1.923480    1.242475
2.0   2.236106    1.067912    1.850843    1.182517
2.2   2.166962    1.011864    1.783162    1.125606
2.4   2.102747    0.958225    1.719875    1.071217
2.6   2.042667    0.906904    1.660612    1.019148
2.8   1.986296    0.857922    1.605132    0.969376
3.0   1.933415    0.811360    1.553287    0.921979
3.2   1.883925    0.767324    1.504981    0.877074
3.4   1.837775    0.725915    1.460141    0.834779
3.6   1.794932    0.687209    1.418697    0.795189
3.8   1.755346    0.651246    1.380562    0.758361
4.0   1.718946    0.618024    1.345630    0.724306
4.2   1.685630    0.587502    1.313770    0.692991
4.4   1.655271    0.559599    1.284832    0.664343
4.6   1.627718    0.534208    1.258645    0.638258
4.8   1.602801    0.511196    1.235029    0.614606
5.0   1.580342    0.490416    1.213797    0.593237
5.2   1.560156    0.471711    1.194759    0.573995
5.4   1.542059    0.454920    1.177728    0.556716
5.6   1.525869    0.439884    1.162524    0.541237
5.8   1.511413    0.426448    1.148974    0.527401
6.0   1.498525    0.414462    1.136917    0.515054
6.2   1.487051    0.403786    1.126202    0.504054
6.4   1.476848    0.394289    1.116690    0.494266
6.6   1.467783    0.385850    1.108252    0.485566
6.8   1.459736    0.378358    1.100774    0.477840
7.0   1.452598    0.371712    1.094149    0.470984
7.2   1.446269    0.365819    1.088284    0.464905
7.4   1.440661    0.360598    1.083093    0.459516
7.6   1.435692    0.355973    1.078501    0.454742
7.8   1.431291    0.351877    1.074438    0.450514
8.0   1.427395    0.348252    1.070845    0.446769
8.2   1.423945    0.345043    1.067668    0.443455
8.4   1.420892    0.342204    1.064859    0.440521
8.6   1.418189    0.339691    1.062374    0.437925
8.8   1.415797    0.337468    1.060178    0.435627
9.0   1.413680    0.335502    1.058236    0.433593
9.2   1.411807    0.333761    1.056519    0.431794
9.4   1.410149    0.332222    1.055000    0.430202
9.6   1.408681    0.330860    1.053657    0.428793
9.8   1.407382    0.329655    1.052469    0.427545
10.0   1.406232    0.328588    1.051419    0.426442
10.2   1.405214    0.327644    1.050489    0.425465
10.4   1.404313    0.326809    1.049667    0.424601
10.6   1.403516    0.326070    1.048940    0.423835
10.8   1.402809    0.325416    1.048296    0.423158
11.0   1.402184    0.324837    1.047727    0.422558
11.2   1.401630    0.324324    1.047223    0.422027
11.4   1.401140    0.323871    1.046776    0.421557
11.6   1.400706    0.323469    1.046382    0.421141
11.8   1.400321    0.323113    1.046032    0.420772
12.0   1.399981    0.322798    1.045722    0.420446
12.2   1.399679    0.322519    1.045448    0.420157
12.4   1.399411    0.322272    1.045206    0.419900
12.6   1.399175    0.322053    1.044991    0.419674
12.8   1.398965    0.321859    1.044800    0.419473
13.0   1.398779    0.321687    1.044632    0.419294
13.2   1.398614    0.321535    1.044482    0.419137
13.4   1.398468    0.321400    1.044350    0.418997
13.6   1.398339    0.321281    1.044233    0.418873
13.8   1.398224    0.321175    1.044129    0.418763
14.0   1.398122    0.321081    1.044037    0.418666
14.2   1.398032    0.320998    1.043955    0.418580
14.4   1.397952    0.320925    1.043883    0.418503
14.6   1.397881    0.320859    1.043819    0.418436
14.8   1.397819    0.320801    1.043762    0.418375
15.0   1.397763    0.320750    1.043712    0.418322
